98024047  1 Banana Cavendish                  0   1193.41 kg         7 58 7 13 7 13 4  8 6 80 5 98 3 15
79832716 12 Salsa de Tomate                1888   6937.68 unidad     5 57 5 52 6  2 6 73 1  5 6 82 1 44
44255999 12 Mostaza                        6185    399.88 unidad     5 76 3 33 5 72 2 39 3 47 2 72 6 81
77811558 10 Gomitas Frutales               9419   3692.72 unidad     7 84 1 96 6 91 7 22 7 87 2 86 1 37
71843253 14 Aceite de Coco                 7115   1055.04 l          5 72 4 51 4 80 2 64 1 41 2 10 4 30
79944212  5 Pepsi Max                      4332   3035.10 l          2 66 7 61 3 10 3 93 4 29 4 81 5  7
15742093 15 Atun en Aceite                 4262   6370.83 unidad     4 29 4 22 3 20 2  8 2 36 1 25 6 96
75287095  3 Queso Mozzarella               2813   5897.99 l          6 15 4 43 3 77 2 59 2 53 7 39 3 47
96060718  6 Atun Fresco                    3727   4384.19 kg         2 65 6 33 5 95 7 69 2 25 4 54 6 44
19338712 11 Corn Flakes                    7522   4249.51 kg         2 30 1 52 3 36 4  2 6 80 7 39 3 58
10840510  8 Papel Higienico                5100   3415.63 unidad     2 56 3  2 3 79 5 82 7  4 4 55 1 81
99496819  4 Pechuga de Pollo               9221   5718.59 kg         3 33 3 56 3 63 4  5 4 34 5 87 3 12
90880352  2 Tomate Perita                  1579   1575.23 kg         3 44 2 78 7  0 6 12 7 62 3 88 3 38
65758412  6 Salmon Fresco                  8793   8609.23 kg         7 69 7  7 4 20 2 80 5 10 3 12 2  6
28853710  8 Shampoo                        8484   6525.76 unidad     2 30 1 71 5 75 4 58 6 10 3 21 7 70
68466733  7 Baguette Francesa              4982   5911.89 unidad     2  9 2 89 6 18 1 17 5 58 3 18 3 61
29319846 10 Chocolate con Leche            4561   8125.42 unidad     7 54 4 65 7 45 2 28 3 72 3 61 1 34
30540322  4 Costilla de Cerdo              1935   2244.21 kg         6 41 6 91 7  1 2 88 6 32 7 15 1 68
19078262 15 Arvejas                        2326   7332.64 unidad     4 70 1 54 4 40 4 46 4 64 4 79 5 89
81807170  4 Filet de Res                   1798   8042.99 kg         5 45 2 57 6  4 3  4 2 11 2 52 2 11
 3772978  3 Leche Entera                   8566   6664.69 l          1  0 2 87 7  8 6 20 5 89 6 99 3 99
99840726 10 Caramelos Surtidos               28   9205.07 unidad     6 55 6 75 4 63 4 30 7 45 1 56 4 98
23880006  2 Lechuga Romana                  315   3341.80 kg         6  7 1 96 7 19 6 80 3 25 2 52 5 26
83271845 14 Aceite de Oliva                6599   3005.36 l          7 75 1 82 7 92 3 82 5 44 4 78 3 13
18565176  9 Suavizante                     6727   2687.28 unidad     1 97 3 30 7 36 3 74 5 77 4 83 1 31
57622019 14 Aceite de Girasol              4792   6645.97 l          3 64 5 73 5 34 7 88 4 18 2 45 1 64
75291495  1 Naranja Valencia               5661   2681.34 kg         2 36 7 23 7  4 7 94 3 67 6 73 1 76
65805349  2 Choclo                         1830   9441.03 kg         4 22 6 53 1 15 4 31 2 77 1 23 1 90
95959493  6 Merluza Congelada              6071   3422.22 kg         3 21 1 20 1 85 5 61 4 13 3 61 2 40
85944160  1 Manzana Red Delicious             0   8922.24 kg         3 49 3  0 2 86 6 74 5 10 2 17 3 45
 2384353 15 Maiz Dulce                     2154   9349.45 unidad     1 82 7 89 3 96 7 31 7 35 6 76 2 34
69233733 11 Granola                        1392   5755.99 kg         4 95 7 53 4 35 6  9 7 26 3 62 7 48
57285423  9 Limpiador Multiusos            9867   1029.55 unidad     1 27 3 17 2 86 7  9 7 80 2 80 3 48
13316861  5 Coca-Cola Zero                 9640   7968.79 l          4 56 3 83 2 35 6 73 5 73 4 26 3 48
80786032 13 Helado Vainilla                3499   9071.57 unidad     5 14 1 64 1  7 4 61 3 80 5 34 3 74
37897727 12 Mayonesa                       1989   3664.18 unidad     1 53 1 50 4 34 7 16 7 19 2 53 3 52
82574849  9 Detergente Polvo               2055   6237.69 unidad     2 83 2 61 3 98 5 55 6 84 5 38 5 34
33415557  7 Medialunas                     6934    847.05 unidad     1 32 4 90 3 33 4 20 3 84 1 82 2 96
  766444  8 Jabon Liquido                  2911   9198.66 unidad     3 74 3 29 7 48 7 35 4 54 6 85 5 99
24358058 13 Pizza Congelada                8943   3279.19 unidad     3 19 5 70 3 70 2 36 7 49 1 77 6 41
90991857 11 Avena                          6306   5676.29 kg         1 24 3  2 5 80 4 13 2 57 4 32 4 60
49249004  7 Pan Integral                   6145   3504.18 unidad     6 93 4 60 5 49 5 90 7 19 7 95 4 25
26304969  5 Agua Mineral                   2494   4101.67 l          5 86 6 22 6 60 5 62 1 76 6 49 6 57
43812040  3 Yogur Natural                  2367   2761.75 l          2 86 6 90 2 44 7 70 2  2 5 74 5 23
 6643982 13 Verduras Congeladas            4696   5204.42 unidad     5 94 1 36 4 25 6 45 3 83 4  4 6  5
