 8337948  8 Jabón Líquido                  868  8483.72 unidad    4 83 3 72 1 88 5 11 1 39 6 78 5 57
48852254  4 Costilla de Cerdo             6716  3508.48 kg        3 96 7 05 4 47 4 32 0 97 1 35 4 34
54435833  7 Baguette Francesa             2219  3878.43 unidad    1 70 0 87 5 69 7 94 0 86 0 20 0 31
44338198  6 Atún Fresco                    813  4093.21 kg        3 03 5 85 1 33 2 31 1 59 4 26 7 45
95808595  3 Leche Entera                  5869    70.48 l         2 76 1 55 1 44 4 07 1 73 0 32 5 24
69383029  7 Pan Integral                  3997  8826.92 unidad    1 44 4 30 0 98 5 63 1 77 4 63 5 70
16913577 15 Arvejas                       7953  4473.70 unidad    0 48 3 71 7 98 6 96 5 06 4 62 6 26
54183828  9 Limpiador Multiusos           3990    41.61 unidad    2 63 1 30 7 73 6 14 1 79 0 83 3 85
64224647 10 Gomitas Frutales              9556  3084.55 unidad    3 64 1 60 6 96 5 58 2 46 3 71 4 78
 7195318  3 Yogur Natural                 4875  7476.16 l         6 21 1 81 3 96 7 87 3 36 7 78 0 64
63490761  8 Papel Higiénico                250  4120.81 unidad    7 96 5 10 2 36 6 00 3 66 6 80 2 18
48958848 14 Aceite de Oliva                 33  6490.47 l         0 87 4 89 1 83 2 01 3 89 6 71 7 33
98541323 12 Mayonesa                      4422  2676.24 unidad    0 68 6 16 6 92 4 05 0 47 1 58 2 06
92446150 13 Helado Vainilla               4283  2916.40 unidad    5 67 2 64 1 02 5 00 6 87 1 10 6 62
39443271 12 Mostaza                       4849  3283.79 unidad    0 64 7 66 3 53 2 34 1 40 4 70 4 97
33363921  5 Coca-Cola Zero                 235  7190.67 l         5 04 6 42 4 26 2 57 7 90 7 33 6 78
22909275 13 Pizza Congelada               6768  4478.80 unidad    2 15 6 67 5 29 0 92 4 00 6 46 0 49
49683373  6 Merluza Congelada              553  4793.43 kg        6 58 6 31 2 14 3 64 4 75 5 73 5 97
 9983860  3 Queso Mozzarella              4085  4430.49 l         7 33 4 95 7 36 5 94 6 55 6 76 2 77
  224297  5 Agua Mineral                  7818  5225.16 l         7 95 4 75 0 28 0 47 5 25 5 52 3 21
32098519 15 Atún en Aceite                2152  1634.96 unidad    0 72 3 04 5 83 3 43 0 28 4 16 1 63
37596451 14 Aceite de Coco                7321  4687.01 l         2 38 2 28 6 67 3 62 7 26 3 57 7 40
10098052  4 Filet de Res                  9325  9359.62 kg        6 08 2 95 3 24 7 65 1 96 0 93 5 26
 7605200  7 Medialunas                     347  9329.31 unidad    7 25 7 04 6 32 3 36 4 62 6 95 4 88
97839767  6 Salmón Fresco                 7294  4153.04 kg        1 84 2 27 0 93 2 66 7 80 0 26 0 58
44006780 15 Maíz Dulce                    6842  3391.31 unidad    7 11 0 25 4 38 7 77 1 32 3 65 4 07
92777761 13 Verduras Congeladas           2159  7408.58 unidad    1 68 1 92 4 12 7 54 2 39 1 49 0 90
18205247  2 Lechuga Romana                7150  4217.42 kg        7 47 0 91 1 68 3 09 6 14 7 17 1 80
24751613  1 Banana Cavendish              1056  2611.62 kg        6 45 7 58 6 09 3 13 1 84 5 65 3 63
43921211  9 Detergente Polvo              1555   444.05 unidad    2 92 1 21 1 39 2 30 3 41 6 09 6 55
 4131409  5 Pepsi Max                     8787  8475.62 l         6 50 7 11 2 44 5 19 6 17 6 19 0 47
 1843540 11 Corn Flakes                   6124  6716.65 kg        7 12 1 88 0 53 6 90 6 62 1 69 7 90
69547391 11 Granola                       1367  2991.78 kg        3 56 4 44 6 46 7 75 1 85 5 79 1 43
81168337  4 Pechuga de Pollo              3105  4649.30 kg        7 06 2 22 5 82 3 39 5 48 4 81 6 33
50318940  2 Choclo                        8023  1320.16 kg        5 62 3 04 2 79 6 01 7 35 6 33 6 91
69776867  8 Shampoo                       5428  1756.05 unidad    2 03 4 96 2 32 2 89 7 84 2 76 2 33
39340634  1 Manzana Red Delicious         2746  5095.39 kg        5 19 0 46 1 51 2 13 2 06 3 61 2 01
82931028 10 Caramelos Surtidos            4024  8107.92 unidad    4 12 4 70 5 78 5 04 4 90 2 83 7 78
47432564 14 Aceite de Girasol             3441  9334.34 l         2 15 0 62 2 69 1 72 6 09 0 23 0 41
66427952  2 Tomate Perita                 1956  1791.81 kg        4 59 4 40 0 84 6 54 4 65 6 78 1 52
64482994 10 Chocolate con Leche           8959  6499.52 unidad    0 05 1 80 4 84 0 23 1 72 3 56 7 46
47836831  9 Suavizante                    1671  5953.08 unidad    4 32 3 04 0 46 1 44 2 68 1 65 6 43
 3618357 12 Salsa de Tomate               8248  3752.45 unidad    0 13 4 55 6 32 5 66 2 32 7 61 6 93
71785595  1 Naranja Valencia              7762  6187.02 kg        7 14 4 73 3 85 3 48 5 86 2 88 1 10
35428275 11 Avena                          429   469.45 kg        3 39 5 33 4 71 7 81 5 86 7 01 3 61